icehockey <-
structure(list(date = c(20091008L, 20091008L, 20091009L, 20091009L, 
20091009L, 20091009L, 20091009L, 20091009L, 20091009L, 20091009L, 
20091009L, 20091009L, 20091009L, 20091009L, 20091009L, 20091009L, 
20091009L, 20091009L, 20091009L, 20091009L, 20091010L, 20091010L, 
20091010L, 20091010L, 20091010L, 20091010L, 20091010L, 20091010L, 
20091010L, 20091010L, 20091010L, 20091010L, 20091010L, 20091010L, 
20091010L, 20091010L, 20091010L, 20091011L, 20091011L, 20091015L, 
20091015L, 20091016L, 20091016L, 20091016L, 20091016L, 20091016L, 
20091016L, 20091016L, 20091016L, 20091016L, 20091016L, 20091016L, 
20091016L, 20091016L, 20091016L, 20091016L, 20091016L, 20091016L, 
20091016L, 20091016L, 20091016L, 20091017L, 20091017L, 20091017L, 
20091017L, 20091017L, 20091017L, 20091017L, 20091017L, 20091017L, 
20091017L, 20091017L, 20091017L, 20091017L, 20091017L, 20091017L, 
20091017L, 20091017L, 20091018L, 20091020L, 20091022L, 20091023L, 
20091023L, 20091023L, 20091023L, 20091023L, 20091023L, 20091023L, 
20091023L, 20091023L, 20091023L, 20091023L, 20091023L, 20091023L, 
20091023L, 20091023L, 20091023L, 20091023L, 20091023L, 20091023L, 
20091023L, 20091024L, 20091024L, 20091024L, 20091024L, 20091024L, 
20091024L, 20091024L, 20091024L, 20091024L, 20091024L, 20091024L, 
20091024L, 20091024L, 20091024L, 20091024L, 20091024L, 20091024L, 
20091024L, 20091024L, 20091024L, 20091025L, 20091025L, 20091025L, 
20091027L, 20091030L, 20091030L, 20091030L, 20091030L, 20091030L, 
20091030L, 20091030L, 20091030L, 20091030L, 20091030L, 20091030L, 
20091030L, 20091030L, 20091030L, 20091030L, 20091030L, 20091030L, 
20091030L, 20091030L, 20091030L, 20091030L, 20091030L, 20091030L, 
20091030L, 20091030L, 20091031L, 20091031L, 20091031L, 20091031L, 
20091031L, 20091031L, 20091031L, 20091031L, 20091031L, 20091031L, 
20091031L, 20091031L, 20091031L, 20091031L, 20091031L, 20091031L, 
20091031L, 20091031L, 20091031L, 20091031L, 20091031L, 20091031L, 
20091101L, 20091101L, 20091101L, 20091101L, 20091105L, 20091106L, 
20091106L, 20091106L, 20091106L, 20091106L, 20091106L, 20091106L, 
20091106L, 20091106L, 20091106L, 20091106L, 20091106L, 20091106L, 
20091106L, 20091106L, 20091106L, 20091106L, 20091106L, 20091106L, 
20091106L, 20091106L, 20091106L, 20091106L, 20091106L, 20091106L, 
20091106L, 20091107L, 20091107L, 20091107L, 20091107L, 20091107L, 
20091107L, 20091107L, 20091107L, 20091107L, 20091107L, 20091107L, 
20091107L, 20091107L, 20091107L, 20091107L, 20091107L, 20091107L, 
20091107L, 20091107L, 20091107L, 20091107L, 20091107L, 20091108L, 
20091108L, 20091108L, 20091108L, 20091113L, 20091113L, 20091113L, 
20091113L, 20091113L, 20091113L, 20091113L, 20091113L, 20091113L, 
20091113L, 20091113L, 20091113L, 20091113L, 20091113L, 20091113L, 
20091113L, 20091113L, 20091113L, 20091113L, 20091113L, 20091113L, 
20091113L, 20091113L, 20091113L, 20091114L, 20091114L, 20091114L, 
20091114L, 20091114L, 20091114L, 20091114L, 20091114L, 20091114L, 
20091114L, 20091114L, 20091114L, 20091114L, 20091114L, 20091114L, 
20091114L, 20091114L, 20091114L, 20091114L, 20091114L, 20091114L, 
20091114L, 20091114L, 20091114L, 20091114L, 20091114L, 20091114L, 
20091114L, 20091115L, 20091115L, 20091115L, 20091115L, 20091117L, 
20091118L, 20091119L, 20091119L, 20091120L, 20091120L, 20091120L, 
20091120L, 20091120L, 20091120L, 20091120L, 20091120L, 20091120L, 
20091120L, 20091120L, 20091120L, 20091120L, 20091120L, 20091120L, 
20091120L, 20091120L, 20091120L, 20091120L, 20091120L, 20091120L, 
20091120L, 20091120L, 20091121L, 20091121L, 20091121L, 20091121L, 
20091121L, 20091121L, 20091121L, 20091121L, 20091121L, 20091121L, 
20091121L, 20091121L, 20091121L, 20091121L, 20091121L, 20091121L, 
20091121L, 20091121L, 20091121L, 20091121L, 20091121L, 20091121L, 
20091121L, 20091121L, 20091121L, 20091122L, 20091124L, 20091124L, 
20091124L, 20091124L, 20091124L, 20091124L, 20091124L, 20091125L, 
20091125L, 20091127L, 20091127L, 20091127L, 20091127L, 20091127L, 
20091127L, 20091127L, 20091127L, 20091127L, 20091127L, 20091127L, 
20091127L, 20091127L, 20091127L, 20091127L, 20091127L, 20091127L, 
20091127L, 20091128L, 20091128L, 20091128L, 20091128L, 20091128L, 
20091128L, 20091128L, 20091128L, 20091128L, 20091128L, 20091128L, 
20091128L, 20091128L, 20091128L, 20091128L, 20091128L, 20091128L, 
20091128L, 20091128L, 20091128L, 20091129L, 20091130L, 20091201L, 
20091204L, 20091204L, 20091204L, 20091204L, 20091204L, 20091204L, 
20091204L, 20091204L, 20091204L, 20091204L, 20091204L, 20091204L, 
20091204L, 20091204L, 20091204L, 20091204L, 20091204L, 20091204L, 
20091204L, 20091204L, 20091204L, 20091204L, 20091204L, 20091204L, 
20091204L, 20091204L, 20091204L, 20091204L, 20091205L, 20091205L, 
20091205L, 20091205L, 20091205L, 20091205L, 20091205L, 20091205L, 
20091205L, 20091205L, 20091205L, 20091205L, 20091205L, 20091205L, 
20091205L, 20091205L, 20091205L, 20091205L, 20091205L, 20091205L, 
20091205L, 20091205L, 20091205L, 20091205L, 20091205L, 20091205L, 
20091205L, 20091206L, 20091208L, 20091209L, 20091209L, 20091210L, 
20091211L, 20091211L, 20091211L, 20091211L, 20091211L, 20091211L, 
20091211L, 20091211L, 20091211L, 20091211L, 20091211L, 20091211L, 
20091211L, 20091211L, 20091211L, 20091212L, 20091212L, 20091212L, 
20091212L, 20091212L, 20091212L, 20091212L, 20091212L, 20091212L, 
20091212L, 20091212L, 20091212L, 20091212L, 20091212L, 20091212L, 
20091212L, 20091212L, 20091212L, 20091213L, 20091213L, 20091215L, 
20091218L, 20091218L, 20091219L, 20091219L, 20091220L, 20091229L, 
20091229L, 20091229L, 20091229L, 20091229L, 20091229L, 20091229L, 
20091230L, 20091230L, 20091230L, 20091230L, 20091230L, 20091230L, 
20100101L, 20100101L, 20100101L, 20100102L, 20100102L, 20100102L, 
20100102L, 20100102L, 20100102L, 20100102L, 20100102L, 20100102L, 
20100102L, 20100102L, 20100102L, 20100102L, 20100102L, 20100102L, 
20100102L, 20100102L, 20100102L, 20100102L, 20100103L, 20100103L, 
20100103L, 20100103L, 20100103L, 20100103L, 20100103L, 20100103L, 
20100103L, 20100103L, 20100103L, 20100103L, 20100103L, 20100103L, 
20100103L, 20100104L, 20100108L, 20100108L, 20100108L, 20100108L, 
20100108L, 20100108L, 20100108L, 20100108L, 20100108L, 20100108L, 
20100108L, 20100108L, 20100108L, 20100108L, 20100108L, 20100108L, 
20100108L, 20100108L, 20100108L, 20100108L, 20100108L, 20100108L, 
20100109L, 20100109L, 20100109L, 20100109L, 20100109L, 20100109L, 
20100109L, 20100109L, 20100109L, 20100109L, 20100109L, 20100109L, 
20100109L, 20100109L, 20100109L, 20100109L, 20100109L, 20100109L, 
20100109L, 20100109L, 20100109L, 20100110L, 20100110L, 20100110L, 
20100110L, 20100110L, 20100112L, 20100112L, 20100112L, 20100115L, 
20100115L, 20100115L, 20100115L, 20100115L, 20100115L, 20100115L, 
20100115L, 20100115L, 20100115L, 20100115L, 20100115L, 20100115L, 
20100115L, 20100115L, 20100115L, 20100115L, 20100115L, 20100115L, 
20100115L, 20100115L, 20100115L, 20100115L, 20100116L, 20100116L, 
20100116L, 20100116L, 20100116L, 20100116L, 20100116L, 20100116L, 
20100116L, 20100116L, 20100116L, 20100116L, 20100116L, 20100116L, 
20100116L, 20100116L, 20100116L, 20100116L, 20100116L, 20100116L, 
20100116L, 20100116L, 20100116L, 20100116L, 20100116L, 20100116L, 
20100118L, 20100119L, 20100122L, 20100122L, 20100122L, 20100122L, 
20100122L, 20100122L, 20100122L, 20100122L, 20100122L, 20100122L, 
20100122L, 20100122L, 20100122L, 20100122L, 20100122L, 20100122L, 
20100122L, 20100122L, 20100122L, 20100122L, 20100122L, 20100122L, 
20100122L, 20100122L, 20100122L, 20100123L, 20100123L, 20100123L, 
20100123L, 20100123L, 20100123L, 20100123L, 20100123L, 20100123L, 
20100123L, 20100123L, 20100123L, 20100123L, 20100123L, 20100123L, 
20100123L, 20100123L, 20100123L, 20100123L, 20100123L, 20100123L, 
20100123L, 20100123L, 20100123L, 20100123L, 20100123L, 20100124L, 
20100125L, 20100126L, 20100129L, 20100129L, 20100129L, 20100129L, 
20100129L, 20100129L, 20100129L, 20100129L, 20100129L, 20100129L, 
20100129L, 20100129L, 20100129L, 20100129L, 20100129L, 20100129L, 
