chameleons <-
structure(list(contests = structure(list(winner = structure(c(23L, 
4L, 25L, 31L, 18L, 27L, 4L, 24L, 25L, 9L, 17L, 22L, 23L, 18L, 
27L, 4L, 24L, 25L, 13L, 32L, 29L, 34L, 16L, 11L, 19L, 23L, 21L, 
27L, 29L, 34L, 5L, 20L, 9L, 26L, 13L, 32L, 16L, 19L, 9L, 17L, 
10L, 13L, 11L, 20L, 12L, 19L, 29L, 5L, 20L, 9L, 13L, 29L, 27L, 
35L, 19L, 32L, 17L, 13L, 18L, 35L, 16L, 17L, 26L, 32L, 35L, 16L, 
19L, 32L, 13L, 22L, 27L, 34L, 9L, 21L, 35L, 25L, 26L, 34L, 17L, 
22L, 16L, 11L, 13L, 11L, 19L, 9L, 14L, 13L, 34L, 29L, 35L, 27L, 
26L, 10L, 24L, 23L, 11L, 11L, 10L, 34L, 35L, 27L, 32L, 24L, 14L, 
26L, 31L), .Label = c("C1", "C2", "C3", "C4", "C5", "C6", "C8", 
"C9", "C10", "C11", "C12", "C13", "C14", "C15", "C16", "C17", 
"C19", "C20", "C21", "C22", "C24", "C25", "C26", "C28", "C29", 
"C30", "C31", "C32", "C34", "C35", "C36", "C37", "C38", "C39", 
"C40", "C41"), class = "factor"), loser = structure(c(2L, 7L, 
24L, 36L, 30L, 35L, 6L, 31L, 36L, 14L, 26L, 2L, 21L, 35L, 30L, 
8L, 36L, 31L, 10L, 28L, 3L, 1L, 33L, 12L, 12L, 22L, 2L, 18L, 
1L, 3L, 11L, 15L, 17L, 14L, 28L, 10L, 12L, 33L, 26L, 14L, 28L, 
32L, 15L, 5L, 33L, 16L, 34L, 15L, 11L, 28L, 3L, 21L, 4L, 6L, 
24L, 9L, 28L, 29L, 23L, 7L, 31L, 10L, 28L, 3L, 4L, 15L, 5L, 1L, 
21L, 30L, 16L, 32L, 2L, 7L, 36L, 20L, 3L, 4L, 30L, 15L, 18L, 
31L, 22L, 18L, 25L, 4L, 28L, 18L, 21L, 31L, 12L, 20L, 6L, 7L, 
5L, 5L, 16L, 13L, 15L, 29L, 21L, 25L, 12L, 16L, 3L, 30L, 15L), .Label = c("C1", 
"C2", "C3", "C4", "C5", "C6", "C8", "C9", "C10", "C11", "C12", 
"C13", "C14", "C15", "C16", "C17", "C19", "C20", "C21", "C22", 
"C24", "C25", "C26", "C28", "C29", "C30", "C31", "C32", "C34", 
"C35", "C36", "C37", "C38", "C39", "C40", "C41"), class = "factor"), 
    expA = structure(c(0L, 0L, 0L, 0L, 0L, 0L, 1L, -1L, 1L, 0L, 
    0L, 0L, -2L, 1L, 1L, 2L, 1L, 1L, 0L, 0L, 0L, 0L, 0L, 0L, 
    0L, 1L, 0L, 0L, 1L, 1L, -1L, 0L, 0L, 0L, 1L, 1L, 1L, 1L, 
    1L, 1L, 0L, 0L, 1L, 0L, 0L, 0L, 0L, 1L, 0L, 3L, 3L, 2L, 0L, 
    0L, 1L, -2L, 2L, 0L, -1L, 1L, 1L, 2L, 1L, 3L, -1L, 3L, 2L, 
    4L, 4L, 1L, 0L, -3L, 4L, 1L, 3L, 0L, 2L, 0L, 4L, 2L, 1L, 
    1L, 3L, 0L, 1L, 2L, 0L, 4L, 2L, 3L, 3L, 2L, 3L, 1L, 0L, 1L, 
    -1L, -3L, 2L, 0L, 3L, 2L, 4L, -2L, 1L, 4L, 1L, 0L, 0L, 0L, 
    0L, 0L, 0L, 0L, 1L, -1L, 0L, 0L, -1L, -2L, -1L, -1L, 0L, 
    -1L, -1L, 0L, 0L, 0L, 0L, 0L, 0L, -1L, 0L, -2L, 0L, -1L, 
    -1L, 0L, 0L, 0L, 0L, -1L, -1L, -2L, -1L, -1L, -1L, 0L, 0L, 
    0L, 0L, 1L, 0L, 0L, -1L, -1L, -3L, -2L, 0L, 0L, 1L, -1L, 
    1L, -3L, 0L, 1L, 1L, -1L, -1L, -3L, -2L, 1L, -2L, -1L, -1L, 
    -1L, -1L, -1L, 0L, -2L, 0L, -1L, 0L, -2L, -1L, -2L, -3L, 
    1L, -1L, -1L, 0L, 0L, -2L, -3L, -3L, -1L, -3L, -1L, -1L, 
    0L, 0L, 0L, -2L, 0L, 2L, -2L, 0L, -1L, -1L, -2L, -1L, -2L, 
    -2L, -1L), .Dim = c(107L, 2L), .Dimnames = list(c("1", "2", 
    "3", "4", "5", "6", "7", "8", "9", "10", "11", "12", "13", 
    "14", "15", "16", "17", "18", "19", "20", "21", "22", "23", 
    "24", "25", "26", "27", "28", "29", "30", "31", "32", "33", 
    "34", "35", "36", "37", "38", "39", "40", "41", "42", "43", 
    "44", "45", "46", "47", "48", "49", "50", "51", "52", "53", 
    "54", "55", "56", "57", "58", "59", "60", "61", "62", "63", 
    "64", "65", "66", "67", "68", "69", "70", "71", "72", "73", 
    "74", "75", "76", "77", "78", "79", "80", "81", "82", "83", 
    "84", "85", "86", "87", "88", "89", "90", "91", "92", "93", 
    "94", "95", "96", "97", "98", "99", "100", "101", "102", 
    "103", "104", "105", "106", "107"), c("pwins", "ploss"))), 
    exp1 = structure(c(0L, 0L, 0L, 0L, 0L, 0L, 1L, -1L, 1L, 0L, 
    0L, 0L, 1L, 1L, 1L, 1L, 1L, 1L, 0L, 0L, 0L, 0L, 0L, 0L, 0L, 
    0L, 0L, 0L, 1L, 1L, -1L, 0L, 0L, 0L, 1L, 1L, 1L, 1L, 0L, 
    0L, 0L, 0L, 0L, 0L, 0L, 0L, 0L, 0L, 0L, 1L, 1L, 0L, 0L, 0L, 
    0L, -1L, 1L, 0L, -1L, 1L, 0L, 0L, 0L, 1L, 1L, 1L, 0L, 1L, 
    1L, 0L, 0L, -1L, 0L, 0L, 1L, 0L, 1L, 1L, 1L, 1L, -1L, 0L, 
    0L, 1L, 0L, 1L, 0L, 1L, 0L, 0L, 0L, 1L, 1L, 0L, 0L, 0L, 0L, 
    0L, 1L, 0L, 1L, 1L, 0L, 1L, 1L, 1L, 0L, 0L, 0L, 0L, 0L, 0L, 
    0L, 0L, 1L, -1L, 0L, 0L, -1L, -1L, -1L, -1L, 0L, -1L, -1L, 
    0L, 0L, 0L, 0L, 0L, 0L, -1L, 0L, -1L, 0L, -1L, -1L, 0L, 0L, 
    0L, 0L, -1L, -1L, -1L, -1L, 0L, 0L, 0L, 0L, 0L, 0L, 0L, 0L, 
    0L, 0L, 0L, -1L, -1L, 0L, 0L, 0L, 0L, 1L, -1L, 0L, 1L, -1L, 
    0L, 0L, 0L, -1L, -1L, -1L, 0L, -1L, -1L, 0L, 0L, 1L, 0L, 
    0L, -1L, 0L, -1L, -1L, -1L, -1L, 1L, 0L, 0L, -1L, 0L, -1L, 
    0L, -1L, 0L, 0L, 0L, -1L, -1L, 0L, 0L, 0L, 0L, 0L, -1L, 0L, 
    -1L, -1L, 0L, -1L, -1L, -1L, 0L), .Dim = c(107L, 2L), .Dimnames = list(
        c("1", "2", "3", "4", "5", "6", "7", "8", "9", "10", 
        "11", "12", "13", "14", "15", "16", "17", "18", "19", 
        "20", "21", "22", "23", "24", "25", "26", "27", "28", 
        "29", "30", "31", "32", "33", "34", "35", "36", "37", 
        "38", "39", "40", "41", "42", "43", "44", "45", "46", 
        "47", "48", "49", "50", "51", "52", "53", "54", "55", 
        "56", "57", "58", "59", "60", "61", "62", "63", "64", 
        "65", "66", "67", "68", "69", "70", "71", "72", "73", 
        "74", "75", "76", "77", "78", "79", "80", "81", "82", 
        "83", "84", "85", "86", "87", "88", "89", "90", "91", 
        "92", "93", "94", "95", "96", "97", "98", "99", "100", 
        "101", "102", "103", "104", "105", "106", "107"), c("pwins", 
        "ploss"))), exp2 = structure(c(0L, 0L, 0L, 0L, 0L, 0L, 
    1L, -1L, 1L, 0L, 0L, 0L, 1L, 1L, 1L, 2L, 1L, 1L, 0L, 0L, 
    0L, 0L, 0L, 0L, 0L, 1L, 0L, 0L, 1L, 1L, -1L, 0L, 0L, 0L, 
    1L, 1L, 1L, 1L, 1L, 1L, 0L, 0L, 1L, 0L, 0L, 0L, 0L, 1L, 1L, 
    2L, 2L, 1L, 0L, 0L, 0L, -1L, 1L, 0L, -1L, 1L, 1L, 1L, 1L, 
    1L, 1L, 1L, 1L, 2L, 1L, 1L, 0L, -1L, 1L, 0L, 2L, 0L, 1L, 
    1L, 2L, 1L, 0L, 1L, 0L, 0L, 0L, 1L, 0L, 2L, 1L, 1L, 1L, 1L, 
    2L, 1L, 0L, 1L, 1L, 0L, 1L, 1L, 1L, 1L, 0L, 0L, 1L, 2L, 0L, 
    0L, 0L, 0L, 0L, 0L, 0L, 0L, 1L, -1L, 0L, 0L, -1L, -2L, -1L, 
    -1L, 0L, -1L, -1L, 0L, 0L, 0L, 0L, 0L, 0L, -1L, 0L, -2L, 
    0L, -1L, -1L, 0L, 0L, 0L, 0L, -1L, -1L, -2L, -1L, -1L, -1L, 
    0L, 0L, 0L, 0L, 0L, 0L, 0L, -1L, -1L, -2L, -2L, 0L, 0L, 1L, 
    0L, 1L, -1L, 0L, 1L, 0L, -1L, -1L, -1L, -1L, -1L, -1L, -1L, 
    -2L, -1L, -1L, 0L, 1L, -1L, 0L, -2L, 0L, -1L, -1L, -2L, -1L, 
    0L, -1L, 0L, 0L, 0L, -1L, 0L, -2L, -1L, -1L, -1L, -1L, -2L, 
    -1L, 0L, -1L, -1L, 0L, -1L, -1L, -1L, -1L, 0L, 0L, -1L, -2L, 
    0L), .Dim = c(107L, 2L), .Dimnames = list(c("1", "2", "3", 
    "4", "5", "6", "7", "8", "9", "10", "11", "12", "13", "14", 
    "15", "16", "17", "18", "19", "20", "21", "22", "23", "24", 
    "25", "26", "27", "28", "29", "30", "31", "32", "33", "34", 
    "35", "36", "37", "38", "39", "40", "41", "42", "43", "44", 
    "45", "46", "47", "48", "49", "50", "51", "52", "53", "54", 
    "55", "56", "57", "58", "59", "60", "61", "62", "63", "64", 
    "65", "66", "67", "68", "69", "70", "71", "72", "73", "74", 
    "75", "76", "77", "78", "79", "80", "81", "82", "83", "84", 
    "85", "86", "87", "88", "89", "90", "91", "92", "93", "94", 
    "95", "96", "97", "98", "99", "100", "101", "102", "103", 
    "104", "105", "106", "107"), c("pwins", "ploss"))),