seeds <-
structure(list(r = c(10, 23, 23, 26, 17, 5, 53, 55, 32, 46, 10,
8, 10, 8, 23, 0, 3, 22, 15, 32, 3), n = c(39, 62, 81, 51, 39,
6, 74, 72, 51, 79, 13, 16, 30, 28, 45, 4, 12, 41, 30, 51, 7),
    seed = c(0, 0, 0, 0, 0, 0, 0, 0, 0, 0, 0, 1, 1, 1, 1, 1, 1,
    1, 1, 1, 1), extract = c(0, 0, 0, 0, 0, 1, 1, 1, 1, 1, 1, 0, 0,
    0, 0, 0, 1, 1, 1, 1, 1)), .Names = c("r", "n", "seed", "extract"
), row.names = c("1", "2", "3", "4", "5", "6", "7", "8", "9",
"10", "11", "12", "13", "14", "15", "16", "17", "18", "19", "20",
"21"), class = "data.frame")
