sound.fields <-
structure(list(comparisons = structure(list(field1 = structure(c(8L, 
8L, 8L, 8L, 8L, 8L, 8L, 7L, 7L, 7L, 7L, 7L, 7L, 6L, 6L, 6L, 6L, 
6L, 5L, 5L, 5L, 5L, 4L, 4L, 4L, 3L, 3L, 2L, 8L, 8L, 8L, 8L, 8L, 
8L, 8L, 7L, 7L, 7L, 7L, 7L, 7L, 6L, 6L, 6L, 6L, 6L, 5L, 5L, 5L, 
5L, 4L, 4L, 4L, 3L, 3L, 2L, 8L, 8L, 8L, 8L, 8L, 8L, 8L, 7L, 7L, 
7L, 7L, 7L, 7L, 6L, 6L, 6L, 6L, 6L, 5L, 5L, 5L, 5L, 4L, 4L, 4L, 
3L, 3L, 2L), .Label = c("000", "001", "010", "011", "100", "101", 
"110", "111"), class = "factor"), field2 = structure(c(7L, 6L, 
5L, 4L, 3L, 2L, 1L, 6L, 5L, 4L, 3L, 2L, 1L, 5L, 4L, 3L, 2L, 1L, 
4L, 3L, 2L, 1L, 3L, 2L, 1L, 2L, 1L, 1L, 7L, 6L, 5L, 4L, 3L, 2L, 
1L, 6L, 5L, 4L, 3L, 2L, 1L, 5L, 4L, 3L, 2L, 1L, 4L, 3L, 2L, 1L, 
3L, 2L, 1L, 2L, 1L, 1L, 7L, 6L, 5L, 4L, 3L, 2L, 1L, 6L, 5L, 4L, 
3L, 2L, 1L, 5L, 4L, 3L, 2L, 1L, 4L, 3L, 2L, 1L, 3L, 2L, 1L, 2L, 
1L, 1L), .Label = c("000", "001", "010", "011", "100", "101", 
"110", "111"), class = "factor"), win1 = c(4L, 4L, 6L, 3L, 8L, 
7L, 7L, 6L, 6L, 7L, 3L, 7L, 7L, 5L, 5L, 4L, 6L, 7L, 5L, 3L, 7L, 
3L, 6L, 5L, 8L, 6L, 6L, 5L, 0L, 3L, 2L, 2L, 4L, 4L, 2L, 1L, 1L, 
4L, 2L, 4L, 4L, 1L, 2L, 1L, 3L, 3L, 1L, 2L, 5L, 4L, 0L, 2L, 4L, 
3L, 4L, 1L, 1L, 0L, 0L, 2L, 3L, 5L, 5L, 3L, 1L, 2L, 2L, 4L, 3L, 
3L, 2L, 3L, 3L, 3L, 1L, 1L, 5L, 4L, 2L, 4L, 1L, 5L, 4L, 2L), 
    tie = c(4L, 2L, 2L, 4L, 0L, 2L, 2L, 2L, 2L, 3L, 3L, 3L, 1L, 
    2L, 3L, 2L, 1L, 1L, 2L, 2L, 2L, 4L, 1L, 4L, 0L, 1L, 2L, 2L, 
    3L, 1L, 1L, 2L, 0L, 0L, 3L, 3L, 1L, 1L, 3L, 0L, 1L, 2L, 3L, 
    3L, 2L, 2L, 3L, 1L, 0L, 0L, 3L, 3L, 0L, 2L, 1L, 2L, 1L, 1L, 
    1L, 2L, 1L, 0L, 0L, 0L, 2L, 1L, 1L, 1L, 1L, 0L, 0L, 0L, 2L, 
    1L, 0L, 1L, 0L, 0L, 0L, 1L, 2L, 0L, 1L, 2L), win2 = c(2L, 
    4L, 2L, 3L, 2L, 1L, 1L, 2L, 2L, 0L, 4L, 0L, 2L, 3L, 2L, 4L, 
    3L, 2L, 3L, 5L, 1L, 3L, 3L, 1L, 2L, 3L, 2L, 3L, 2L, 1L, 2L, 
    1L, 1L, 1L, 0L, 1L, 3L, 0L, 0L, 1L, 0L, 2L, 0L, 1L, 0L, 0L, 
    1L, 2L, 0L, 1L, 2L, 0L, 1L, 0L, 0L, 2L, 3L, 4L, 4L, 1L, 1L, 
    0L, 0L, 2L, 2L, 2L, 2L, 0L, 1L, 2L, 3L, 2L, 0L, 1L, 4L, 3L, 
    0L, 1L, 3L, 0L, 2L, 0L, 0L, 1L), win1.adj = c(6, 5, 7, 5, 
    8, 8, 8, 7, 7, 8.5, 4.5, 8.5, 7.5, 6, 6.5, 5, 6.5, 7.5, 6, 
    4, 8, 5, 6.5, 7, 8, 6.5, 7, 6, 1.5, 3.5, 2.5, 3, 4, 4, 3.5, 
    2.5, 1.5, 4.5, 3.5, 4, 4.5, 2, 3.5, 2.5, 4, 4, 2.5, 2.5, 
    5, 4, 1.5, 3.5, 4, 4, 4.5, 2, 1.5, 0.5, 0.5, 3, 3.5, 5, 5, 
    3, 2, 2.5, 2.5, 4.5, 3.5, 3, 2, 3, 4, 3.5, 1, 1.5, 5, 4, 
    2, 4.5, 2, 5, 4.5, 3), win2.adj = c(4, 5, 3, 5, 2, 2, 2, 
    3, 3, 1.5, 5.5, 1.5, 2.5, 4, 3.5, 5, 3.5, 2.5, 4, 6, 2, 5, 
    3.5, 3, 2, 3.5, 3, 4, 3.5, 1.5, 2.5, 2, 1, 1, 1.5, 2.5, 3.5, 
    0.5, 1.5, 1, 0.5, 3, 1.5, 2.5, 1, 1, 2.5, 2.5, 0, 1, 3.5, 
    1.5, 1, 1, 0.5, 3, 3.5, 4.5, 4.5, 2, 1.5, 0, 0, 2, 3, 2.5, 
    2.5, 0.5, 1.5, 2, 3, 2, 1, 1.5, 4, 3.5, 0, 1, 3, 0.5, 3, 
    0, 0.5, 2), instrument = structure(c(3L, 3L, 3L, 3L, 3L, 
    3L, 3L, 3L, 3L, 3L, 3L, 3L, 3L, 3L, 3L, 3L, 3L, 3L, 3L, 3L, 
    3L, 3L, 3L, 3L, 3L, 3L, 3L, 3L, 1L, 1L, 1L, 1L, 1L, 1L, 1L, 
    1L, 1L, 1L, 1L, 1L, 1L, 1L, 1L, 1L, 1L, 1L, 1L, 1L, 1L, 1L, 
    1L, 1L, 1L, 1L, 1L, 1L, 2L, 2L, 2L, 2L, 2L, 2L, 2L, 2L, 2L, 
    2L, 2L, 2L, 2L, 2L, 2L, 2L, 2L, 2L, 2L, 2L, 2L, 2L, 2L, 2L, 
    2L, 2L, 2L, 2L), .Label = c("cello", "flute", "violin"), class = "factor")), .Names = c("field1", 
"field2", "win1", "tie", "win2", "win1.adj", "win2.adj", "instrument"
), class = "data.frame", row.names = c(NA, -84L)), design = structure(list(
    a = structure(c(1L, 1L, 1L, 1L, 2L, 2L, 2L, 2L), .Label = c("0", 
    "1"), class = "factor", contrasts = structure(c(-1, 1), .Dim = c(2L, 
    1L), .Dimnames = list(c("0", "1"), NULL))), b = structure(c(1L, 
    1L, 2L, 2L, 1L, 1L, 2L, 2L), .Label = c("0", "1"), class = "factor", contrasts = structure(c(-1, 
    1), .Dim = c(2L, 1L), .Dimnames = list(c("0", "1"), NULL))), 
    c = structure(c(1L, 2L, 1L, 2L, 1L, 2L, 1L, 2L), .Label = c("0", 
    "1"), class = "factor", contrasts = structure(c(-1, 1), .Dim = c(2L, 
    1L), .Dimnames = list(c("0", "1"), NULL)))), .Names = c("a", 
"b", "c"), row.names = c("000", "001", "010", "011", "100", "101", 
"110", "111"), class = "data.frame")), .Names = c("comparisons", 
"design"))
